tree
version=v4
num_class=1
num_tree_per_iteration=1
label_index=0
max_feature_idx=9
objective=binary sigmoid:1
feature_names=UCEIS2 UCEIS3 StenosisYes CdifficileYes MontrealClassificationE3 ModSevereHistologyYes PolypYes Ageatonset Duration ESR
feature_infos=[0:1] [0:1] [0:1] none [0:1] [0:1] [0:1] [8:78] [1:329] [1:140]
tree_sizes=1452 1285 1492 1577 1380 1381 1378 1378 1174 1579 1389 1283 1485 1487 1578 1498 1370 1277 1385 1481 1396 1483 1593 1490 1387

Tree=0
num_leaves=13
num_cat=0
split_feature=5 7 9 9 9 9 9 7 9 7 7 9
split_gain=28.2161 11.1727 9.10717 8.31059 4.13601 2.2241 5.48174 1.93849 1.24565 1.61413 0.809064 0.000304935
threshold=1.0000000180025095e-35 45.500000000000007 32.500000000000007 19.500000000000004 37.500000000000007 21.500000000000004 12.500000000000002 24.500000000000004 18.500000000000004 45.500000000000007 54.500000000000007 10.500000000000002
decision_type=2 2 2 2 2 2 2 2 2 2 2 2
left_child=4 2 5 -3 7 6 -2 -1 9 11 -5 -9
right_child=1 3 -4 10 -6 -7 -8 8 -10 -11 -12 -13
leaf_value=-1.1339529792362593 -1.2147372394903473 -0.54826709239412075 -0.82672798948207582 -0.83582059020331512 -1.0418589225465988 -1.2192252539489079 -0.92938638472187496 -1.285904325904663 -1.3359136298714795 -1.1258745532108505 -0.95784329188234729 -1.2834038607063221
leaf_weight=4.951459735631949 4.9514597356319445 3.8088151812553397 6.2845450490713111 3.9992559403181058 4.7610189765691748 5.1419004946947089 5.9036635309457779 3.9992559403181094 7.8080711215734473 3.8088151812553406 4.7610189765691757 3.8088151812553406
leaf_count=26 26 20 33 21 25 27 31 21 41 20 25 20
internal_value=-1.06711 -0.945677 -1.03073 -0.794904 -1.21236 -1.11087 -1.05955 -1.24566 -1.27414 -1.23262 -0.902137 -1.28468
internal_weight=63.9881 34.8507 22.2816 12.5691 29.1374 15.997 10.8551 24.3764 19.425 11.6169 8.76027 7.80807
internal_count=336 183 117 66 153 84 57 128 102 61 46 41
is_linear=0
shrinkage=1


Tree=1
num_leaves=11
num_cat=0
split_feature=5 2 6 9 9 2 9 9 9 0
split_gain=18.2869 8.86457 4.24872 3.16826 3.11915 2.74247 2.21065 5.06953 0.906048 0.537903
threshold=1.0000000180025095e-35 1.0000000180025095e-35 1.0000000180025095e-35 37.500000000000007 38.500000000000007 1.0000000180025095e-35 21.500000000000004 13.500000000000002 18.500000000000004 1.0000000180025095e-35
decision_type=2 2 2 2 2 2 2 2 2 2
left_child=3 2 4 5 6 8 7 -2 9 -1
right_child=1 -3 -4 -5 -6 -7 -8 -9 -10 -11
leaf_value=-0.12675018491989909 -0.12480358785785442 0.30190314636681159 0.19713595117413354 0.019927990904368097 0.12887116261493223 -0.0092759292473486767 -0.12441756932080328 0.14451713431205412 -0.25327133421957942 -0.21476177758033166
leaf_weight=7.4704480469226926 5.2074062824249356 6.484482690691947 5.8569701313972464 4.8194821923971167 6.2783530354499808 4.0114292949438086 6.8386906683444968 6.0364583879709244 6.3026852309703818 4.4218427687883377
leaf_count=42 27 32 29 25 30 23 36 29 38 25
internal_value=-0.00221191 0.0897223 0.0441902 -0.127063 0.0074182 -0.158964 -0.0347509 0.0197858 -0.191966 -0.159475
internal_weight=63.7282 36.7024 30.2179 27.0259 24.3609 22.2064 18.0826 11.2439 18.195 11.8923
internal_count=336 183 151 153 122 128 92 56 105 67
is_linear=0
shrinkage=0.2


Tree=2
num_leaves=13
num_cat=0
split_feature=5 7 4 4 0 4 7 7 7 7 7 7
split_gain=12.1366 5.54078 3.9994 3.72669 4.46763 1.27937 0.745172 0.727339 0.684272 0.631897 0.215202 0.0484058
threshold=1.0000000180025095e-35 42.500000000000007 1.0000000180025095e-35 1.0000000180025095e-35 1.0000000180025095e-35 1.0000000180025095e-35 52.500000000000007 41.500000000000007 38.500000000000007 32.500000000000007 36.500000000000007 24.500000000000004
decision_type=2 2 2 2 2 2 2 2 2 2 2 2
left_child=3 5 -3 7 8 -2 -4 -1 -5 11 -6 -7
right_child=1 2 6 4 10 9 -8 -9 -10 -11 -12 -13
leaf_value=-0.25261440181936612 -0.066827808551303255 0.023957541238636238 0.17259076696833053 -0.18539513556079071 0.10893305744804799 -0.011005128683122469 0.27688933913398289 -0.13781624293136549 -0.070607659973361894 0.095081497987735297 0.037179547473445075 0.019432891842803297
leaf_weight=5.9585572183132172 7.578142225742341 6.2008242905139932 5.4589100778102875 5.6843948960304242 3.2996174842119226 4.3861513435840589 5.5014851838350296 3.5069553554058075 3.2736120820045471 4.7062740623950967 3.3893288820981979 3.9919812679290771
leaf_count=37 39 29 25 34 20 22 25 22 20 23 20 20
internal_value=-0.0032368 0.0683266 0.152321 -0.111024 -0.0510994 -0.00143474 0.224943 -0.210082 -0.143447 0.0364392 0.0725751 0.00349787
internal_weight=62.9362 37.8238 17.1612 25.1125 15.647 20.6625 10.9604 9.46551 8.95801 13.0844 6.68895 8.37813
internal_count=336 183 79 153 94 104 50 59 54 65 40 42
is_linear=0
shrinkage=0.2


Tree=3
num_leaves=14
num_cat=0
split_feature=8 6 7 7 7 4 8 8 7 8 8 7 7
split_gain=8.93167 7.31246 6.13086 3.66835 6.02244 2.47932 1.41639 1.18079 0.985603 0.688432 0.540066 0.471046 0.00243916
threshold=22.500000000000004 1.0000000180025095e-35 45.500000000000007 42.500000000000007 21.500000000000004 1.0000000180025095e-35 37.500000000000007 60.500000000000007 56.500000000000007 11.500000000000002 50.500000000000007 32.500000000000007 31.500000000000004
decision_type=2 2 2 2 2 2 2 2 2 2 2 2 2
left_child=2 3 5 4 -2 12 -5 -3 -4 -7 -6 -12 -1
right_child=1 7 8 6 10 9 -8 -9 -10 -11 11 -13 -14
leaf_value=-0.25905695580189936 0.1784760632839075 0.1430019566897365 0.1168502024778261 0.17185546766368293 -0.063650661144958598 -0.15144722252978393 0.030008031399777563 0.28451701715311545 -0.022780372331353972 -0.044296547817016196 -0.18742043428339725 -0.09006518997615244 -0.26675087120413216
leaf_weight=3.2136989533901259 3.5436700731515947 5.0109805762767774 3.9015806615352613 5.1366929262876493 5.0445193350315085 5.4362846314907074 6.2319413423538208 4.4554189294576645 4.1976049840450287 4.2921024709939957 4.7714257985353452 3.4077315479516983 3.3833959102630615
leaf_count=20 19 25 20 26 31 32 31 22 21 23 26 20 20
internal_value=-0.00361166 0.0575547 -0.0977787 0.00639642 -0.0530679 -0.168356 0.094099 0.209607 0.0444832 -0.104173 -0.115117 -0.146859 -0.263003
internal_weight=62.027 37.6024 24.4247 28.136 16.7673 16.3255 11.3686 9.4664 8.09919 9.72839 13.2237 8.17916 6.59709
internal_count=336 200 136 153 96 95 57 47 41 55 77 46 40
is_linear=0
shrinkage=0.2


Tree=4
num_leaves=12
num_cat=0
split_feature=1 6 9 4 9 9 9 9 9 9 9
split_gain=7.73209 4.98132 4.54443 5.07337 2.03989 1.73492 1.13116 0.955265 1.42119 0.445951 1.44488
threshold=1.0000000180025095e-35 1.0000000180025095e-35 13.500000000000002 1.0000000180025095e-35 17.500000000000004 29.500000000000004 44.500000000000007 6.5000000000000009 9.5000000000000018 17.500000000000004 25.500000000000004
decision_type=2 2 2 2 2 2 2 2 2 2 2
left_child=1 2 7 5 -3 -4 9 -1 -9 -5 -11
right_child=-2 4 3 6 -6 -7 -8 8 -10 10 -12
leaf_value=-0.25577497329665594 0.18650248115823945 0.20001994284778532 -0.049359073748244914 0.055095139198190438 0.025381698799361613 -0.2270615880454343 0.12327332437906746 -0.034322823672990964 -0.2048774650125901 -0.10008654445750949 0.044875770154203527
leaf_weight=3.5939666628837568 7.4757138490676871 3.9317308664321891 3.9223758801817912 5.3929908871650758 8.3726558089256269 4.9977361261844635 4.2494617700576773 3.4269576817750931 4.5475825890898705 4.6718691661953908 6.686762847006321
leaf_count=23 39 20 27 26 40 29 20 20 30 27 35
internal_value=-0.00408577 -0.0305716 -0.0637149 -0.0225574 0.0811854 -0.148922 0.0311153 -0.170166 -0.131584 0.00773716 -0.014748
internal_weight=61.2698 53.7941 41.4897 29.9212 12.3044 8.92011 21.0011 11.5685 7.97454 16.7516 11.3586
internal_count=336 297 237 164 60 56 108 73 50 88 62
is_linear=0
shrinkage=0.2


Tree=5
num_leaves=12
num_cat=0
split_feature=0 1 7 2 7 7 7 7 7 7 7
split_gain=4.71229 10.4031 5.73752 3.36693 6.25693 1.23643 1.18047 0.605449 0.135359 0.10156 0.00345119
threshold=1.0000000180025095e-35 1.0000000180025095e-35 45.500000000000007 1.0000000180025095e-35 27.500000000000004 45.500000000000007 33.500000000000007 35.500000000000007 52.500000000000007 53.500000000000007 24.500000000000004
decision_type=2 2 2 2 2 2 2 2 2 2 2
left_child=1 2 6 4 -2 7 10 -6 -4 -7 -1
right_child=3 -3 8 -5 5 9 -8 -9 -10 -11 -12
leaf_value=-0.25480335380800845 -0.16150263929887476 0.13846484652054222 0.033988072191000654 0.19496271728907261 0.088158001329844526 0.15423548739786214 -0.13434529789116784 -0.016009816716136077 -0.017121916648067358 0.11138151321633712 -0.24656481222443005
leaf_weight=3.2929443791508728 5.7174599319696489 7.9853054434061042 3.5448791086673719 5.4625111669301978 3.8127227425575274 4.2357080429792386 6.0324707776308051 5.3829037621617317 4.9908398762345314 4.6301189363002777 5.3194815590977669
leaf_count=21 35 39 18 26 21 20 38 32 26 22 38
internal_value=-0.00430112 -0.058409 -0.126228 0.0533678 0.0208405 0.0785623 -0.202192 0.0271806 0.00410403 0.131855 -0.249715
internal_weight=60.4073 31.1659 23.1806 29.2414 23.7789 18.0615 14.6449 9.19563 8.53572 8.86583 8.61243
internal_count=336 180 141 156 130 95 97 53 44 42 59
is_linear=0
shrinkage=0.2


Tree=6
num_leaves=12
num_cat=0
split_feature=8 8 7 1 8 0 0 7 7 7 8
split_gain=8.05244 5.75206 4.7994 3.8172 3.73238 3.39765 2.99217 2.63139 2.57496 0.605465 0.287768
threshold=2.5000000000000004 109.00000000000001 45.500000000000007 1.0000000180025095e-35 52.500000000000007 1.0000000180025095e-35 1.0000000180025095e-35 57.500000000000007 33.500000000000007 33.500000000000007 30.500000000000004
decision_type=2 2 2 2 2 2 2 2 2 2 2
left_child=-1 2 3 5 7 9 -3 -4 10 -2 -7
right_child=1 6 4 -5 -6 8 -8 -9 -10 -11 -12
leaf_value=-0.24088444267268649 -0.23747456479199439 0.036368915853566386 0.20403979106758166 0.12102958390708451 -0.095544646688398155 0.081943852108344303 0.26133753353593064 0.031375446983030054 -0.14163439886181337 -0.13817729579202551 0.0036593559341237766
leaf_weight=5.2556663304567328 4.7688744962215459 4.3264497965574247 6.9256012737751025 3.6946362555026999 4.3664405047893515 3.9259317070245743 5.2158170938491821 7.2019054442644119 4.9143408313393593 5.0650894492864609 3.6010449305176735
leaf_count=32 39 25 31 18 21 23 25 35 31 35 21
internal_value=-0.00455711 0.0184413 -0.0117959 -0.0672456 0.0660687 -0.0984734 0.159337 0.116019 -0.0290288 -0.18633 0.0444911
internal_weight=59.2618 54.0061 44.4639 25.9699 18.4939 22.2753 9.54227 14.1275 12.4413 9.83396 7.52698
internal_count=336 304 254 167 87 149 50 66 75 74 44
is_linear=0
shrinkage=0.2


Tree=7
num_leaves=12
num_cat=0
split_feature=9 6 7 7 7 9 7 4 7 7 7
split_gain=3.57579 3.58199 5.49621 3.87048 2.42975 3.04322 1.32715 1.0277 0.49801 0.637117 0.000784414
threshold=54.500000000000007 1.0000000180025095e-35 42.500000000000007 21.500000000000004 57.500000000000007 21.500000000000004 41.500000000000007 1.0000000180025095e-35 33.500000000000007 28.500000000000004 32.500000000000007
decision_type=2 2 2 2 2 2 2 2 2 2 2
left_child=1 2 3 -1 5 -4 -3 10 9 -9 -5
right_child=-2 6 4 7 -6 -7 -8 8 -10 -11 -12
leaf_value=0.032068222057037153 0.12870616717279079 0.13305511655785893 0.19014819921036602 -0.23835036837722426 -0.068124541408692438 -0.029981371017829179 0.0064491289114918292 -0.15624659796939916 -0.19359782756084296 -0.037414154405944651 -0.23366808628731275
leaf_weight=5.0640569552779224 7.0489742755889884 6.2511708065867406 5.6819787770509738 3.032200627028943 5.9398934170603743 4.5029042139649391 7.0434557944536209 3.9200744703412056 3.4748574271798134 3.3444148600101471 2.7104880288243294
leaf_count=31 33 33 28 26 31 24 32 27 25 21 25
internal_value=-0.00480663 -0.0232726 -0.0547711 -0.120859 0.0335361 0.0928253 0.0659796 -0.167845 -0.131326 -0.101539 -0.23614
internal_weight=58.0145 50.9655 37.6709 21.5461 16.1248 10.1849 13.2946 16.482 10.7393 7.26449 5.74269
internal_count=336 303 238 155 83 52 65 124 73 48 51
is_linear=0
shrinkage=0.2


Tree=8
num_leaves=10
num_cat=0
split_feature=2 9 9 9 9 9 4 9 9
split_gain=2.87966 3.21733 0.997858 0.98946 2.26544 1.57304 1.05347 0.438977 0.158168
threshold=1.0000000180025095e-35 48.500000000000007 25.500000000000004 21.500000000000004 26.500000000000004 13.500000000000002 1.0000000180025095e-35 18.500000000000004 35.000000000000007
decision_type=2 2 2 2 2 2 2 2 2
left_child=1 3 -2 5 -5 6 -1 -7 -6
right_child=2 -3 -4 4 8 7 -8 -9 -10
leaf_value=-0.012753658020002227 0.025768224547691749 0.086754980147829008 0.14382869669027873 -0.21716855343412572 -0.01571458243756416 0.055499535330974993 -0.13518042930188368 -0.028010211925516778 -0.064896336163781002
leaf_weight=5.2385758012533206 5.7216210812330228 8.1191563606262189 5.7329788655042648 4.1750497408211222 4.66793245077133 7.4302168041467649 6.068036176264286 3.8083513379096985 5.9490723982453346
leaf_count=37 32 37 28 32 31 39 45 23 32
internal_value=-0.00476405 -0.0273477 0.084857 -0.0521599 -0.0923548 -0.0257878 -0.0784577 0.027201 -0.0432728
internal_weight=56.911 45.4564 11.4546 37.3372 14.7921 22.5452 11.3066 11.2386 10.617
internal_count=336 276 60 239 95 144 82 62 63
is_linear=0
shrinkage=0.2


Tree=9
num_leaves=14
num_cat=0
split_feature=8 8 9 9 2 8 8 9 9 8 0 9 9
split_gain=5.98527 3.10031 4.65693 3.11486 1.54523 5.03791 3.66631 1.36577 3.17289 1.27614 1.09262 0.891362 0.474014
threshold=2.5000000000000004 109.00000000000001 25.500000000000004 24.500000000000004 1.0000000180025095e-35 22.500000000000004 37.500000000000007 18.500000000000004 11.500000000000002 32.500000000000007 1.0000000180025095e-35 8.5000000000000018 5.5000000000000009
decision_type=2 2 2 2 2 2 2 2 2 2 2 2 2
left_child=-1 2 7 -3 5 -4 -7 8 11 -10 -9 12 -2
right_child=1 3 4 -5 -6 6 -8 10 9 -11 -12 -13 -14
leaf_value=-0.22497761612527564 -0.13791756736933442 0.21749676223394998 -0.12550830706729965 -0.0091994412896176849 0.17613378591757645 0.26988945852790436 0.016725058769044173 -0.22160051263378985 -0.022024003760662294 0.13682447817940876 -0.054329967091354139 -0.21539773019429773 -0.026695131149982173
leaf_weight=4.5194112136960021 2.8740837648510986 5.42790888994932 5.0386522114276913 4.3814627379179001 4.0158085003495207 3.9246890097856504 5.4873334616422653 3.5183142125606528 4.3521400131285173 3.7800472192466259 2.8092697337269783 2.7589944675564766 3.2841537408530712
leaf_count=32 22 27 31 23 18 19 28 26 25 20 19 23 23
internal_value=-0.00427009 0.0150409 -0.00868331 0.11624 0.066387 0.0358887 0.122291 -0.0679845 -0.0385343 0.0518128 -0.147337 -0.120928 -0.0786033
internal_weight=56.1723 51.6529 41.8435 9.80937 18.4665 14.4507 9.41202 23.377 17.0494 8.13219 6.32758 8.91723 6.15824
internal_count=336 304 254 50 96 78 47 158 113 45 45 68 45
is_linear=0
shrinkage=0.2


Tree=10
num_leaves=12
num_cat=0
split_feature=5 8 4 1 8 8 8 4 8 8 8
split_gain=5.15241 3.42708 2.55207 2.09434 1.46233 2.37447 2.73124 0.923584 0.868613 0.237636 0.118132
threshold=1.0000000180025095e-35 36.500000000000007 1.0000000180025095e-35 1.0000000180025095e-35 23.500000000000004 52.500000000000007 99.500000000000014 1.0000000180025095e-35 24.500000000000004 18.500000000000004 6.5000000000000009
decision_type=2 2 2 2 2 2 2 2 2 2 2
left_child=1 8 -3 4 7 -6 -7 -2 9 10 -1
right_child=3 2 -4 -5 5 6 -8 -9 -10 -11 -12
leaf_value=-0.12330710760136332 -0.10727347183462438 -0.13719561247374298 0.083508989771529471 0.15597562440923296 0.15842190110696999 -0.087588350495818423 0.098520406644311442 0.011075389743746269 -0.26292984439931189 -0.071882030359548585 -0.17878512174097613
leaf_weight=3.2227565832436103 4.4560583680868167 3.2574996650218946 5.8760509639978409 5.4354719668626776 6.0098949223756817 6.2942400425672513 6.3225399255752563 6.4633050709962845 2.5754943937063208 2.1044313348829746 2.9320792257785797
leaf_count=31 28 25 37 25 31 35 29 35 17 16 27
internal_value=-0.00438934 -0.0854483 0.00479424 0.0418811 0.0208916 0.0549586 0.00567475 -0.0372213 -0.161521 -0.129899 -0.149736
internal_weight=54.9498 19.9683 9.13355 34.9815 29.546 18.6267 12.6168 10.9194 10.8348 8.25927 6.15484
internal_count=336 153 62 183 158 95 64 63 91 74 58
is_linear=0
shrinkage=0.2


Tree=11
num_leaves=11
num_cat=0
split_feature=4 9 9 9 0 0 9 9 9 0
split_gain=1.86065 3.69707 3.43349 1.99726 1.40925 1.2438 1.0641 0.656462 0.313555 0.0641737
threshold=1.0000000180025095e-35 16.500000000000004 16.500000000000004 7.5000000000000009 1.0000000180025095e-35 1.0000000180025095e-35 33.500000000000007 33.500000000000007 33.500000000000007 1.0000000180025095e-35
decision_type=2 2 2 2 2 2 2 2 2 2
left_child=1 3 9 -1 8 6 -4 -7 -3 -2
right_child=2 4 5 -5 -6 7 -8 -9 -10 -11
leaf_value=-0.064907953679647787 -0.055472228022209136 -0.24575185088703388 -0.057173567103528014 0.14435147582871607 -0.049933659741650149 0.14503022470515337 0.067458573235731109 0.059053031020855407 -0.15124031624858178 -0.085645231505989128
leaf_weight=3.3611813150346306 5.6633818000555021 3.143533840775488 4.9367845244705677 3.9903322607278824 4.1231879182159901 6.9937735497951508 6.1585454568266869 7.2187811210751534 2.5375700518488884 5.6150217317044735
leaf_count=23 43 30 34 30 28 37 29 32 16 34
internal_value=-0.00419825 -0.0585432 0.0212848 0.0486761 -0.138939 0.0621859 0.0120044 0.101361 -0.203537 -0.070494
internal_weight=53.7421 17.1558 36.5863 7.35151 9.80429 25.3079 11.0953 14.2126 5.6811 11.2784
internal_count=336 127 209 53 74 132 63 69 46 77
is_linear=0
shrinkage=0.2


Tree=12
num_leaves=13
num_cat=0
split_feature=5 9 7 7 0 6 7 9 9 0 7 9
split_gain=3.43155 3.36788 2.54295 1.21982 1.30343 1.16851 1.53691 7.0914 5.53935 1.06372 0.446479 0.00766918
threshold=1.0000000180025095e-35 48.500000000000007 21.500000000000004 35.500000000000007 1.0000000180025095e-35 1.0000000180025095e-35 42.500000000000007 44.500000000000007 35.000000000000007 1.0000000180025095e-35 42.500000000000007 28.500000000000004
decision_type=2 2 2 2 2 2 2 2 2 2 2 2
left_child=1 2 -1 11 -5 6 7 9 -8 -2 -7 -4
right_child=5 -3 3 4 -6 10 8 -9 -10 -11 -12 -13
leaf_value=0.066284430701212899 -0.20295809401467718 0.13468526231716993 -0.22296743092129559 -0.024716995697722316 -0.17920164338523759 0.13849664820440277 0.18196560307626597 0.23991353300045259 -0.090994155023478518 -0.067390628008410572 0.052066291626626973 -0.24021464313244506
leaf_weight=2.7767421603202846 3.6763593032956141 2.6767249405384055 2.8632045481353989 4.43685778044164 4.3036833368241787 4.5229271501302701 6.7570090591907483 2.8583442121744147 5.3115676492452621 6.2526192627847195 5.0712813287973404 1.6118060089647768
leaf_count=17 30 13 39 39 31 22 33 13 24 39 22 14
internal_value=-0.00389668 -0.0729499 -0.107703 -0.14426 -0.100782 0.0335243 0.0106398 -0.0376748 0.0618318 -0.117587 0.0928115 -0.22918
internal_weight=53.1191 18.669 15.9923 13.2156 8.74054 34.4501 24.8559 12.7873 12.0686 9.92898 9.59421 4.47501
internal_count=336 153 140 123 70 183 139 82 57 69 44 53
is_linear=0
shrinkage=0.2


Tree=13
num_leaves=13
num_cat=0
split_feature=8 5 8 2 7 7 7 8 7 8 8 7
split_gain=3.9709 2.48568 1.9839 1.12702 1.26772 1.0723 1.02295 0.983181 2.05085 0.32751 0.318017 0.00257644
threshold=2.5000000000000004 1.0000000180025095e-35 36.500000000000007 1.0000000180025095e-35 32.500000000000007 49.500000000000007 24.500000000000004 23.500000000000004 44.500000000000007 67.500000000000014 95.500000000000014 38.500000000000007
decision_type=2 2 2 2 2 2 2 2 2 2 2 2
left_child=-1 2 5 4 9 6 -2 -6 -9 -3 -4 -8
right_child=1 3 10 -5 7 -7 11 8 -10 -11 -12 -13
leaf_value=-0.20475827399940802 -0.056522565118212999 0.00078373330143902695 -0.019930649456263157 0.11984955073495401 -0.0075060149384974049 -0.0068449034018516573 -0.22925449377485282 0.20310704938616952 0.024001656829876126 -0.078379587237073209 0.057277172235085133 -0.23993584319823857
leaf_weight=3.6622764691710463 2.0084470957517651 4.2264871485531383 4.7886574156582338 6.3022404462099066 6.0730579011142281 2.2221493348479271 1.8187130372971299 4.1631873324513418 6.6294941306114197 4.1362360492348671 3.8493603207170963 1.7946133539080618
leaf_count=32 18 30 39 30 32 15 26 22 31 22 23 16
internal_value=-0.00401687 0.0112951 -0.0516465 0.0441964 0.0252977 -0.124462 -0.170954 0.0568672 0.0930901 -0.0383708 0.0144755 -0.23456
internal_weight=51.6749 48.0126 16.4819 31.5307 25.2285 7.84392 5.62177 16.8657 10.7927 8.36272 8.63802 3.61333
internal_count=336 304 137 167 137 75 60 85 53 52 62 42
is_linear=0
shrinkage=0.2


Tree=14
num_leaves=14
num_cat=0
split_feature=0 7 9 9 9 7 9 9 9 9 7 7 9
split_gain=1.30493 1.7315 3.70611 2.46918 1.83563 1.94265 1.57882 1.30093 2.89969 0.650046 0.539865 0.853712 0.00274971
threshold=1.0000000180025095e-35 35.500000000000007 18.500000000000004 11.500000000000002 42.000000000000007 21.500000000000004 33.500000000000007 25.500000000000004 33.500000000000007 48.500000000000007 27.500000000000004 38.500000000000007 15.500000000000002
decision_type=2 2 2 2 2 2 2 2 2 2 2 2 2
left_child=1 4 3 -3 5 -1 -4 10 -9 -10 -2 -12 -7
right_child=7 2 6 -5 -6 12 -8 8 9 -11 11 -13 -14
leaf_value=0.0042480342900494085 -0.079262363800166435 0.0028403141052725511 -0.1777664754425797 0.26074318750488196 0.029022502053720502 -0.22359316207214175 -0.004069562177699387 0.2211914994324721 -0.044695749221353137 0.061870465366904583 0.093516161814174478 -0.033381664822786122 -0.23364744924744088
leaf_weight=2.0175613015890139 3.9009919427335289 3.0659822374582282 3.6355532743036729 2.8795087411999702 2.9469714164733887 1.6911261752247808 4.9339096322655678 3.7242341712117186 4.3027215674519521 4.893772155046463 3.186682276427744 6.3389799892902374 3.0509818168357015
leaf_count=14 29 24 26 16 15 23 25 22 23 22 22 38 37
internal_value=-0.00380238 -0.0373104 0.00641837 0.127747 -0.102701 -0.160127 -0.0777596 0.0270021 0.0723052 0.0120118 -0.016594 0.0090703 -0.230062
internal_weight=50.569 24.2216 14.515 5.94549 9.70664 6.75967 8.56946 26.3474 12.9207 9.19649 13.4267 9.52566 4.74211
internal_count=336 180 91 40 89 74 51 156 67 45 89 60 60
is_linear=0
shrinkage=0.2


Tree=15
num_leaves=13
num_cat=0
split_feature=5 1 0 7 2 7 7 7 7 7 7 7
split_gain=1.63108 1.46254 1.50063 1.03201 1.86015 0.797304 0.619585 0.210771 0.331672 0.39141 0.593916 0.204161
threshold=1.0000000180025095e-35 1.0000000180025095e-35 1.0000000180025095e-35 49.500000000000007 1.0000000180025095e-35 45.500000000000007 42.500000000000007 24.500000000000004 46.500000000000007 37.500000000000007 29.500000000000004 28.500000000000004
decision_type=2 2 2 2 2 2 2 2 2 2 2 2
left_child=3 2 5 4 7 -2 11 -1 9 10 -9 -4
right_child=1 -3 6 -5 -6 -7 -8 8 -10 -11 -12 -13
leaf_value=-0.17520523289836454 -0.11816789464875542 0.12143160333385611 0.028716406092701263 0.028591118833402568 0.060882596160142612 -0.0027377528426011516 0.075819856217416437 -0.049052861095206617 -0.18048449978022119 -0.0064261057728807365 -0.22091555072702845 -0.030130238609270173
leaf_weight=2.5786768067628163 4.7508165314793604 5.0198556035757056 5.2514430545270461 4.3719293363392344 2.7307985797524443 4.8240071907639503 8.83057953417301 1.8761908477172258 1.8593928031623361 1.7874868363142011 1.4078332241624592 4.2804586067795753
leaf_count=23 39 25 31 28 22 25 39 25 12 20 23 24
internal_value=-0.00371865 0.0220387 0.00417949 -0.0548186 -0.0846103 -0.0600116 0.0376509 -0.12639 -0.108229 -0.0817373 -0.122729 0.00229034
internal_weight=49.5695 32.9572 27.9373 16.6123 12.2404 9.57482 18.3625 9.50958 6.9309 5.07151 3.28402 9.5319
internal_count=336 183 158 153 125 64 94 103 80 68 48 55
is_linear=0
shrinkage=0.2


Tree=16
num_leaves=12
num_cat=0
split_feature=8 8 8 9 7 7 9 8 8 7 9
split_gain=1.91605 2.52577 2.75386 2.33677 2.32554 2.5691 1.50807 1.22679 1.14285 0.908373 0.710025
threshold=109.00000000000001 2.5000000000000004 77.500000000000014 25.500000000000004 45.500000000000007 57.500000000000007 24.500000000000004 22.500000000000004 19.500000000000004 33.500000000000007 40.500000000000007
decision_type=2 2 2 2 2 2 2 2 2 2 2
left_child=1 -1 3 4 8 -6 -2 -5 -3 -10 -9
right_child=6 2 -4 7 5 -7 -8 10 9 -11 -12
leaf_value=-0.19148634039423024 0.14858967146502702 -0.22696592656758133 -0.17316896033390752 0.001678623382091769 0.15026757054646833 -0.074628675100330041 -0.014296130935018034 0.17898912304614062 0.0038640850463028419 -0.13768440969163506 0.063958460470779605
leaf_weight=3.2512370347976676 5.2774673178791982 2.3216622397303599 3.6097501739859572 6.1833989769220343 4.1667670458555204 3.9653512537479401 3.9944800473749638 4.0784459058195335 3.6873926222324371 3.5684903003275394 4.5308451876044273
leaf_count=32 27 38 21 40 21 21 23 24 35 33 21
internal_value=-0.00337705 -0.0226433 -0.00744205 0.0109638 -0.0380478 0.0406046 0.0784163 0.06964 -0.10483 -0.0657504 0.118451
internal_weight=48.6353 39.3633 36.1121 32.5024 17.7097 8.13212 9.27195 14.7927 9.57755 7.25588 8.60929
internal_count=336 286 254 233 148 42 50 85 106 68 45
is_linear=0
shrinkage=0.2


Tree=17
num_leaves=11
num_cat=0
split_feature=8 1 2 7 7 7 7 7 8 8
split_gain=2.27079 1.52236 1.09831 4.18659 3.40432 1.3933 1.67702 1.46137 2.28502 0.56938
threshold=2.5000000000000004 1.0000000180025095e-35 1.0000000180025095e-35 37.500000000000007 27.500000000000004 56.500000000000007 48.500000000000007 45.500000000000007 24.500000000000004 35.500000000000007
decision_type=2 2 2 2 2 2 2 2 2 2
left_child=-1 2 4 -4 9 6 7 8 -6 -2
right_child=1 -3 3 -5 5 -7 -8 -9 -10 -11
leaf_value=-0.17554108720648987 -0.2325727061990488 0.097566700523666561 0.21778738295414099 -0.07665248530714866 -0.17892092068295606 0.082589030930801166 -0.14053468602524782 0.14189282342576456 0.030203769817836418 -0.10640220949777696
leaf_weight=2.8782832063734523 2.5761421695351627 6.4561612643301478 3.5980726554989806 4.1707167774438858 2.7870597764849725 7.1050260178744784 3.7726891487836829 2.7001765742897978 8.3558965902775508 3.2176633421331644
leaf_count=32 34 34 22 23 34 38 19 15 61 24
internal_value=-0.00334922 0.00772859 -0.00742181 0.0597157 -0.0245145 0.0078256 -0.0223289 0.00988591 -0.0221022 -0.162502
internal_weight=47.6179 44.7396 38.2834 7.76879 30.5147 24.7208 17.6158 13.8431 11.143 5.79381
internal_count=336 304 270 45 225 167 129 110 95 58
is_linear=0
shrinkage=0.2


Tree=18
num_leaves=12
num_cat=0
split_feature=8 5 4 8 8 6 8 8 8 8 8
split_gain=1.6674 1.05272 1.50889 2.24504 0.682856 1.16008 0.608418 1.222 0.377211 0.564648 0.0504942
threshold=2.5000000000000004 1.0000000180025095e-35 1.0000000180025095e-35 95.500000000000014 14.500000000000002 1.0000000180025095e-35 77.500000000000014 24.500000000000004 10.500000000000002 36.500000000000007 37.500000000000007
decision_type=2 2 2 2 2 2 2 2 2 2 2
left_child=-1 2 10 8 -3 6 7 -6 -4 -10 -2
right_child=1 4 3 -5 5 -7 -8 -9 9 -11 -12
leaf_value=-0.16041373990462621 -0.11613326299085532 0.094288368940484577 0.023644082935573314 0.15704632908654953 -0.080725307202796234 0.0798774261921118 -0.062352391031981175 0.064202254697605349 -0.13594303043854103 -0.013186468921385372 -0.16227889560542674
leaf_weight=2.5554637461900702 1.5844689197838282 5.0729776266962316 1.9477096162736414 2.7403286844491959 3.5176206380128914 7.3804859295487395 6.6382772475481024 6.8765771221369505 3.155402846634388 2.8548844531178474 2.3631553146988153
leaf_count=32 28 33 20 15 23 34 36 41 29 22 23
internal_value=-0.00334451 0.0057506 -0.0380781 0.000916919 0.0275208 0.0136465 -0.0150525 0.0151556 -0.0528461 -0.0776337 -0.143757
internal_weight=46.6874 44.1319 14.6459 10.6983 29.4859 24.413 17.0325 10.3942 7.958 6.01029 3.94762
internal_count=336 304 137 86 167 134 100 64 71 51 51
is_linear=0
shrinkage=0.2


Tree=19
num_leaves=13
num_cat=0
split_feature=8 8 7 2 8 8 8 8 7 7 8 7
split_gain=1.03019 1.63666 1.38947 1.57003 2.29774 1.38145 2.1136 1.3043 0.896561 0.804892 0.266877 0.00114172
threshold=109.00000000000001 77.500000000000014 45.500000000000007 1.0000000180025095e-35 19.500000000000004 33.500000000000007 18.500000000000004 155.50000000000003 28.500000000000004 37.500000000000007 5.5000000000000009 28.500000000000004
decision_type=2 2 2 2 2 2 2 2 2 2 2 2
left_child=1 2 3 4 10 6 -4 -2 -6 -10 -1 -12
right_child=7 -3 5 -5 8 -7 -8 -9 9 -11 11 -13
leaf_value=-0.12556776522782956 0.14718433099208714 -0.15138930973583115 0.071364325285823635 0.076292652691327775 -0.10178640955233254 0.11634427243249788 -0.11073730352442597 -0.0060322628592260662 0.094075399334589596 -0.052424060271671895 -0.23127224979922711 -0.23937705385196889
leaf_weight=1.2935810955241347 3.7663539387285692 3.349308803677558 6.0037284940481204 3.4341454003006211 3.4980284683406335 5.7178089171648017 4.4312328994274139 5.4214905984699726 3.2052062507718801 2.8199063278734684 1.3341747922822835 1.4517540978267787
leaf_count=24 21 21 38 25 32 28 23 29 28 24 21 22
internal_value=-0.00308965 -0.018143 -0.00469649 -0.0445423 -0.0750485 0.03733 -0.00596559 0.0567755 -0.0212484 0.0255099 -0.200638 -0.235496
internal_weight=45.7267 36.5389 33.1896 17.0368 13.6027 16.1528 10.435 9.18784 9.52314 6.02511 4.07951 2.78593
internal_count=336 286 265 176 151 89 61 50 84 52 67 43
is_linear=0
shrinkage=0.2


Tree=20
num_leaves=12
num_cat=0
split_feature=1 6 8 8 8 8 4 8 2 8 8
split_gain=0.85675 1.31436 1.33708 1.25604 1.63027 0.682608 1.00592 0.65728 0.539154 0.435528 0.137554
threshold=1.0000000180025095e-35 1.0000000180025095e-35 155.50000000000003 109.00000000000001 72.500000000000014 32.500000000000007 1.0000000180025095e-35 35.500000000000007 1.0000000180025095e-35 38.500000000000007 15.500000000000002
decision_type=2 2 2 2 2 2 2 2 2 2 2
left_child=1 2 3 4 5 6 10 -3 -8 -7 -1
right_child=-2 7 -4 -5 -6 9 8 -9 -10 -11 -12
leaf_value=-0.09087028215770572 0.063325789271114111 -0.018211785010213536 -0.15667913980591289 0.10760692204757559 -0.18209380294327948 0.097638954516296672 -0.035666992579089583 0.088644520892736736 0.077774365864031636 -0.0046852147808182625 -0.16659159730662468
leaf_weight=1.8761239624582349 6.6477217599749556 3.6806694157421571 3.2613104432821265 2.726542003452777 2.6944211833178988 2.6427816580981007 6.664499674923718 6.1496682465076447 2.2387852557003498 4.4919739793986082 1.9643547441810367
leaf_count=28 39 28 19 15 21 18 64 32 15 37 20
internal_value=-0.00296335 -0.0144418 -0.0361524 -0.0206155 -0.0361032 -0.016315 -0.044046 0.0486354 -0.00714147 0.0332166 -0.129601
internal_weight=45.0389 38.3911 28.5608 25.2995 22.5729 19.8785 12.7438 9.83034 8.90328 7.13476 3.84048
internal_count=336 297 237 218 203 182 127 60 79 55 48
is_linear=0
shrinkage=0.2


Tree=21
num_leaves=13
num_cat=0
split_feature=8 8 8 4 8 7 7 8 8 8 8 7
split_gain=0.664857 1.09297 0.983133 1.55701 1.01184 1.6891 0.87047 0.83028 1.01879 0.54018 0.303893 0.126374
threshold=95.500000000000014 72.500000000000014 58.500000000000007 1.0000000180025095e-35 37.500000000000007 52.500000000000007 37.500000000000007 13.500000000000002 26.500000000000004 132.50000000000003 19.500000000000004 53.500000000000007
decision_type=2 2 2 2 2 2 2 2 2 2 2 2
left_child=1 2 3 7 5 6 10 11 -9 -2 -5 -1
right_child=9 -3 -4 4 -6 -7 -8 8 -10 -11 -12 -13
leaf_value=-0.22223611753830028 0.10542607595356442 -0.13869166148868509 0.11015367948497212 -0.00092567246993129266 -0.071639227178478884 0.13560407728913546 -0.068112135464902815 0.029966736329376433 -0.1342143009006736 0.0084151230220343414 0.089626655852841047 -0.1361142629625523
leaf_weight=1.3293641270138379 3.5366908460855466 2.6767075806856147 2.6860385723412028 2.8852400407195109 4.2903014086186877 4.8846672326326361 4.9295764993876219 3.2973280930891633 2.791907636448741 6.5442890003323555 3.0490962825715542 1.3985533937811849
leaf_count=30 20 21 15 38 27 26 36 27 27 36 22 11
internal_value=-0.00269204 -0.0159908 -0.00557827 -0.0163511 0.0144655 0.0379226 -0.00599733 -0.0863884 -0.0453101 0.0424493 0.0456006 -0.178083
internal_weight=44.2998 34.2188 31.5421 28.856 20.0389 15.7486 10.8639 8.81715 6.08924 10.081 5.93434 2.72792
internal_count=336 280 259 244 149 122 96 95 54 56 60 41
is_linear=0
shrinkage=0.2


Tree=22
num_leaves=14
num_cat=0
split_feature=5 4 7 7 7 7 7 2 7 7 7 7 7
split_gain=0.94781 0.928463 1.18051 0.717783 0.880866 0.624359 0.484543 0.65199 0.566728 0.115501 0.206257 0.0647125 0.00454121
threshold=1.0000000180025095e-35 1.0000000180025095e-35 45.500000000000007 23.500000000000004 49.500000000000007 38.500000000000007 53.500000000000007 1.0000000180025095e-35 36.500000000000007 30.500000000000004 24.500000000000004 45.500000000000007 37.500000000000007
decision_type=2 2 2 2 2 2 2 2 2 2 2 2 2
left_child=1 2 12 -3 5 -5 7 8 9 10 -2 -10 -1
right_child=6 3 -4 4 -6 -7 -8 -9 11 -11 -12 -13 -14
leaf_value=-0.21886727633169811 -0.034816503333155273 0.08520694758374367 0.0061763789055802416 -0.040341033142621142 0.039180840675379865 -0.18338766821039965 -0.025718349297593025 0.1049706108858432 0.036149638897450036 -0.053677564459306798 0.035546132100517866 0.071463305043325862 -0.23737273845722351
leaf_weight=1.1262131442781518 3.7648809952661484 2.2530082538723954 1.4545936733484266 3.35237033292651 3.3130793534219265 1.9192475993186233 7.4701877459883681 4.1181720718741408 3.992154758423565 2.543314129114151 2.9897517338395119 4.3238410800695419 1.00269278883934
leaf_count=32 32 17 14 41 19 17 39 24 26 21 20 21 13
internal_value=-0.00249384 -0.0444444 -0.132697 -0.0152637 -0.0416317 -0.0924203 0.018223 0.0333273 0.016577 -0.0173506 -0.00367242 0.0545107 -0.227583
internal_weight=43.6235 14.4212 3.5835 10.8377 8.5847 5.27162 29.2023 21.7321 17.6139 9.29795 6.75463 8.316 2.12891
internal_count=336 153 59 94 77 58 183 144 120 73 52 47 45
is_linear=0
shrinkage=0.2


Tree=23
num_leaves=13
num_cat=0
split_feature=0 5 8 8 8 4 8 8 8 8 8 8
split_gain=0.696527 0.769192 0.901367 1.53191 0.894144 1.074 0.572959 1.36713 1.10309 0.626411 0.682124 0.339769
threshold=1.0000000180025095e-35 1.0000000180025095e-35 36.500000000000007 67.500000000000014 53.500000000000007 1.0000000180025095e-35 99.500000000000014 37.500000000000007 23.500000000000004 14.500000000000002 5.5000000000000009 10.500000000000002
decision_type=2 2 2 2 2 2 2 2 2 2 2 2
left_child=1 2 11 -4 5 -3 7 8 9 10 -2 -1
right_child=6 4 3 -5 -6 -7 -8 -9 -10 -11 -12 -13
leaf_value=-0.085991761997502802 -0.0395721063235581 -0.12226695920681913 0.097996109042285659 -0.1307198661157703 0.084703870878179086 0.019527286943529565 0.078647400932443906 -0.073621085400401479 0.12819883962791184 -0.071738986871414223 0.11894810012850508 -0.23109228696632444
leaf_weight=1.0762375898193579 1.9939757334068469 3.3859102670103294 2.1258455067873001 2.6090009324252605 3.6102525535970935 5.7915525622665882 5.3875708729028693 5.9652284048497668 4.0608653929084539 3.012960409745574 2.3840176137164235 1.6129309758543966
leaf_count=24 20 29 21 21 23 37 27 39 27 20 23 25
internal_value=-0.00231132 -0.0293442 -0.0805504 -0.0280313 0.000384019 -0.0327859 0.0216479 0.00401638 0.0444576 -0.001553 0.0467494 -0.173021
internal_weight=43.0163 20.2117 7.42402 4.73485 12.7877 9.17746 22.8046 17.417 11.4518 7.39095 4.37799 2.68917
internal_count=336 180 91 42 89 66 156 129 90 63 43 49
is_linear=0
shrinkage=0.2


Tree=24
num_leaves=12
num_cat=0
split_feature=1 7 7 8 2 8 8 7 8 8 7
split_gain=0.740641 0.523529 1.08162 1.09966 0.672278 1.01218 0.643742 0.647847 0.91615 0.571072 0.704253
threshold=1.0000000180025095e-35 20.500000000000004 27.500000000000004 36.500000000000007 1.0000000180025095e-35 139.00000000000003 32.500000000000007 52.500000000000007 20.500000000000004 50.500000000000007 46.500000000000007
decision_type=2 2 2 2 2 2 2 2 2 2 2
left_child=1 -1 3 -3 5 6 7 8 -4 -8 -11
right_child=-2 2 4 -5 -6 -7 9 -9 -10 10 -12
leaf_value=0.056601051130388262 0.060860385423289448 -0.01245315905057825 0.01213631148058264 -0.23852238092952943 -0.074129480122032076 -0.11117345627367725 0.11076515804632846 0.041571921749590797 -0.1481507739945854 0.077610867487112212 -0.055079164144581264
leaf_weight=3.8311433298513284 6.3346670605242243 1.6907958181109273 3.1654505901970058 1.7529949154704807 5.185136165469884 2.6448473036289206 4.2983060926198942 4.4392688386142254 2.5962302461266518 3.4817745573818684 2.960320170968771
leaf_count=29 39 33 39 19 38 15 31 29 21 26 17
internal_value=-0.00220875 -0.0132923 -0.0216043 -0.127529 -0.00892561 0.00540866 0.0201327 -0.0158483 -0.0600895 0.0543066 0.0166361
internal_weight=42.3809 36.0463 32.2151 3.44379 28.7713 23.5862 20.9414 10.2009 5.76168 10.7404 6.44209
internal_count=336 297 268 52 216 178 163 89 60 74 43
is_linear=0
shrinkage=0.2


end of trees

feature_importances:
Ageatonset=86
Duration=78
ESR=56
MontrealClassificationE3=15
UCEIS2=14
StenosisYes=12
ModSevereHistologyYes=10
UCEIS3=8
PolypYes=7

parameters:
[boosting: gbdt]
[objective: binary]
[metric: auc]
[tree_learner: serial]
[device_type: cpu]
[data_sample_strategy: bagging]
[data: ]
[valid: ]
[num_iterations: 25]
[learning_rate: 0.2]
[num_leaves: 31]
[num_threads: 0]
[seed: 0]
[deterministic: 0]
[force_col_wise: 0]
[force_row_wise: 0]
[histogram_pool_size: -1]
[max_depth: 8]
[min_data_in_leaf: 20]
[min_sum_hessian_in_leaf: 0.001]
[bagging_fraction: 0.8]
[pos_bagging_fraction: 1]
[neg_bagging_fraction: 1]
[bagging_freq: 0]
[bagging_seed: 3]
[bagging_by_query: 0]
[feature_fraction: 0.6]
[feature_fraction_bynode: 1]
[feature_fraction_seed: 2]
[extra_trees: 0]
[extra_seed: 6]
[early_stopping_round: 0]
[early_stopping_min_delta: 0]
[first_metric_only: 0]
[max_delta_step: 0]
[lambda_l1: 0]
[lambda_l2: 0]
[linear_lambda: 0]
[min_gain_to_split: 0]
[drop_rate: 0.1]
[max_drop: 50]
[skip_drop: 0.5]
[xgboost_dart_mode: 0]
[uniform_drop: 0]
[drop_seed: 4]
[top_rate: 0.2]
[other_rate: 0.1]
[min_data_per_group: 100]
[max_cat_threshold: 32]
[cat_l2: 10]
[cat_smooth: 10]
[max_cat_to_onehot: 4]
[top_k: 20]
[monotone_constraints: ]
[monotone_constraints_method: basic]
[monotone_penalty: 0]
[feature_contri: ]
[forcedsplits_filename: ]
[refit_decay_rate: 0.9]
[cegb_tradeoff: 1]
[cegb_penalty_split: 0]
[cegb_penalty_feature_lazy: ]
[cegb_penalty_feature_coupled: ]
[path_smooth: 0]
[interaction_constraints: ]
[verbosity: -1]
[saved_feature_importance_type: 0]
[use_quantized_grad: 0]
[num_grad_quant_bins: 4]
[quant_train_renew_leaf: 0]
[stochastic_rounding: 1]
[linear_tree: 0]
[max_bin: 255]
[max_bin_by_feature: ]
[min_data_in_bin: 3]
[bin_construct_sample_cnt: 200000]
[data_random_seed: 1]
[is_enable_sparse: 1]
[enable_bundle: 1]
[use_missing: 1]
[zero_as_missing: 0]
[feature_pre_filter: 1]
[pre_partition: 0]
[two_round: 0]
[header: 0]
[label_column: ]
[weight_column: ]
[group_column: ]
[ignore_column: ]
[categorical_feature: ]
[forcedbins_filename: ]
[precise_float_parser: 0]
[parser_config_file: ]
[objective_seed: 5]
[num_class: 1]
[is_unbalance: 0]
[scale_pos_weight: 1]
[sigmoid: 1]
[boost_from_average: 1]
[reg_sqrt: 0]
[alpha: 0.9]
[fair_c: 1]
[poisson_max_delta_step: 0.7]
[tweedie_variance_power: 1.5]
[lambdarank_truncation_level: 30]
[lambdarank_norm: 1]
[label_gain: ]
[lambdarank_position_bias_regularization: 0]
[eval_at: ]
[multi_error_top_k: 1]
[auc_mu_weights: ]
[num_machines: 1]
[local_listen_port: 12400]
[time_out: 120]
[machine_list_filename: ]
[machines: ]
[gpu_platform_id: -1]
[gpu_device_id: -1]
[gpu_use_dp: 0]
[num_gpu: 1]

end of parameters
